1º CUADRIMESTRE
P1/Sim P2 P3 P4 P5 P6
8 9 10 11 12 15 16 17 18 19 22 23 24 25 26 29 30 1 2 3 6 7 8 9 10 13 14 15 16 17 20 21 22 23 24 27 28 29 30 31 3 4 5 6 7 10 11 12 13 14 17 18 19 20 21 24 25 26 27 28 1 2 3 4 5 8 9 10 11 12 15 16 17 18 19
1 1 1 1 1 1 1 1 1 1 1 1 1 1 1 1 1 1 1 1 4 4 4 4 4 4 4 4 4 4 4 4 4 4 4 4 4 4 4 4
2 2 2 2 2 2 2 2 2 2 2 2 2 2 2 2 2 2 2 2 5 5 5 5 5 5 5 5 5 5 5 5 5 5 5 5 5 5 5 5
3 3 3 3 3 3 3 3 3 3 3 3 3 3 3 3 3 3 3 3 1/ 2/3 4/ 5
1 3 5 1 3 5 1 3 5 1 3 5 1 3 5 1 3 5 1 3 5
2 4 6 2 4 6 2 4 6 2 4 6 2 4 6 2 4 6 2 4 6
QA1 3 3 3 5 5 5 2 2 2 1/S1/S 4 4 4 2 2 2 3 3 3 5 5 5 4 4 4 1/S QA1
QO1 1/S1/S 3 3 5 5 4 4 2 2 5 5 5 4 4 4 1/S 2 2 2 3 3 3 QO1 
3 5 2 4
2 4 3 5
QI1 5 5 5 5 5 5 1/S1/S 1/S1/S 2 2 2 2 2 2 4 4 4 4 4 4 3 3 3 3 3 3 QI1
EQ 3 3 3 1/S 1/S1/S 2 2 2 EQ
QAI1 4 4 4 4 4 4 3 3 3 3 3 3 1/S 1/S 1/S 2 2 2 2 2 2 QAI1
QI3 4 4 3 3 2 2 1/S1/S 4 4 4 1/S 3 3 3 2 2 2 QI3
QFA 1/S 1/S 2 2 2 2 2 3 3 3 3 3 QFA
QOA 1/S 2 2 2 3 3 3 QOA
QIA 2 2 2 2 2 3 3 3 3 3 1/S 1/S QIA
QAAQ 1/S 1/S 2 2 2 3 3 3 2 2 3 3 1/S QAAQ
CM 1/S 2 2 3 3 2 1/S 3 CM
8 9 10 11 12 15 16 17 18 19 22 23 24 25 26 29 30 1 2 3 6 7 8 9 10 13 14 15 16 17 20 21 22 23 24 27 28 29 30 31 3 4 5 6 7 10 11 12 13 14 17 18 19 20 21 24 25 26 27 28 1 2 3 4 5 8 9 10 11 12 15 16 17 18 19
S13
DECEMBRO
S14 S15S6 S7 S8 S9 S10 S11
SETEMBRO OUTUBRO NOVEMBRO
S1 S2
4º 
QUI
4º 
QUI
3º 
QUI
3º 
QUI
2º 
QUI
2º 
QUIQF1 5 1/
S 2 QF1 3 4 1/
S 25 31/
S
1º 
QUI
F1/Bio F1/Bio
1º 
QUI
LQ1
todos
LQ1
4
S1 S2 S3 S4 S6 S7 S8 S9 S10 S11 S12 S13 S14 S15
PRÁCTICAS QUÍMICA 2025-2026 (23/09/25)
DECEMBROSETEMBRO NOVEMBROOUTUBRO
S5
S3 S4 S5 S12